large
0.945
27
118
89 71 74 80 86
1 1 5 2 1
0.212 0.206 0.057 0.124 0.196 0.073 0.132 0.0 0.0 0.0 0.0
0.035 0.066 0.248 0.141 0.162 0.003 0.345 0.0 0.0 0.0 0.0
0.191 0.234 0.134 0.055 0.181 0.088 0.117 0.0 0.0 0.0 0.0
0.168 0.059 0.146 0.077 0.138 0.166 0.246 0.0 0.0 0.0 0.0
0.226 0.116 0.047 0.183 0.255 0.106 0.067 0.0 0.0 0.0 0.0
0.028 0.318 0.025 0.226 0.205 0.056 0.142 0.0 0.0 0.0 0.0
0.054 0.291 0.115 0.211 0.165 0.015 0.149 0.0 0.0 0.0 0.0
0.052 0.228 0.137 0.032 0.22 0.221 0.11 0.0 0.0 0.0 0.0
0.092 0.26 0.06 0.007 0.16 0.414 0.007 0.0 0.0 0.0 0.0
0.016 0.229 0.149 0.122 0.18 0.104 0.2 0.0 0.0 0.0 0.0
0.13 0.085 0.194 0.183 0.112 0.19 0.106 0.0 0.0 0.0 0.0
0.091 0.056 0.015 0.274 0.178 0.292 0.094 0.0 0.0 0.0 0.0
0.042 0.173 0.308 0.241 0.179 0.025 0.032 0.0 0.0 0.0 0.0
0.044 0.072 0.147 0.145 0.17 0.172 0.25 0.0 0.0 0.0 0.0
0.151 0.028 0.222 0.134 0.138 0.077 0.25 0.0 0.0 0.0 0.0
0.071 0.024 0.117 0.169 0.038 0.307 0.274 0.0 0.0 0.0 0.0
0.082 0.265 0.112 0.144 0.216 0.143 0.038 0.0 0.0 0.0 0.0
0.191 0.064 0.259 0.161 0.115 0.195 0.015 0.0 0.0 0.0 0.0
0.162 0.118 0.253 0.163 0.069 0.18 0.055 0.0 0.0 0.0 0.0
0.178 0.03 0.203 0.206 0.145 0.015 0.223 0.0 0.0 0.0 0.0
0.162 0.101 0.183 0.181 0.046 0.288 0.039 0.0 0.0 0.0 0.0
0.196 0.163 0.04 0.197 0.143 0.135 0.126 0.0 0.0 0.0 0.0
0.184 0.233 0.012 0.228 0.016 0.16 0.167 0.0 0.0 0.0 0.0
0.142 0.233 0.234 0.061 0.03 0.107 0.193 0.0 0.0 0.0 0.0
0.084 0.12 0.186 0.198 0.146 0.15 0.116 0.0 0.0 0.0 0.0
0.066 0.236 0.155 0.124 0.035 0.178 0.206 0.0 0.0 0.0 0.0
0.208 0.241 0.012 0.038 0.244 0.179 0.078 0.0 0.0 0.0 0.0
0.062 0.169 0.165 0.205 0.204 0.014 0.181 0.0 0.0 0.0 0.0
0.177 0.045 0.117 0.071 0.232 0.149 0.209 0.0 0.0 0.0 0.0
0.192 0.125 0.224 0.132 0.075 0.174 0.078 0.0 0.0 0.0 0.0
0.151 0.18 0.225 0.053 0.016 0.165 0.21 0.0 0.0 0.0 0.0
0.22 0.062 0.153 0.025 0.246 0.277 0.017 0.0 0.0 0.0 0.0
0.319 0.184 0.073 0.009 0.087 0.228 0.1 0.0 0.0 0.0 0.0
0.029 0.276 0.147 0.267 0.11 0.055 0.116 0.0 0.0 0.0 0.0
0.049 0.195 0.123 0.221 0.063 0.22 0.129 0.0 0.0 0.0 0.0
0.058 0.197 0.054 0.223 0.141 0.223 0.104 0.0 0.0 0.0 0.0
0.041 0.253 0.19 0.331 0.066 0.096 0.023 0.0 0.0 0.0 0.0
0.173 0.188 0.171 0.168 0.027 0.089 0.184 0.0 0.0 0.0 0.0
0.124 0.297 0.023 0.153 0.114 0.112 0.177 0.0 0.0 0.0 0.0
0.039 0.146 0.213 0.067 0.204 0.144 0.187 0.0 0.0 0.0 0.0
0.172 0.141 0.292 0.008 0.121 0.105 0.161 0.0 0.0 0.0 0.0
0.066 0.128 0.003 0.38 0.09 0.046 0.287 0.0 0.0 0.0 0.0
0.088 0.082 0.239 0.122 0.031 0.264 0.174 0.0 0.0 0.0 0.0
0.092 0.374 0.382 0.045 0.023 0.073 0.011 0.0 0.0 0.0 0.0
0.03 0.094 0.153 0.251 0.002 0.227 0.243 0.0 0.0 0.0 0.0
0.264 0.092 0.089 0.281 0.16 0.024 0.09 0.0 0.0 0.0 0.0
0.209 0.131 0.032 0.154 0.106 0.12 0.248 0.0 0.0 0.0 0.0
0.147 0.081 0.121 0.105 0.179 0.185 0.182 0.0 0.0 0.0 0.0
0.037 0.224 0.145 0.043 0.309 0.029 0.213 0.0 0.0 0.0 0.0
0.178 0.155 0.085 0.203 0.114 0.117 0.148 0.0 0.0 0.0 0.0
0.123 0.169 0.039 0.105 0.032 0.334 0.198 0.0 0.0 0.0 0.0
0.169 0.247 0.208 0.025 0.263 0.047 0.041 0.0 0.0 0.0 0.0
0.234 0.177 0.099 0.259 0.055 0.066 0.11 0.0 0.0 0.0 0.0
0.05 0.238 0.137 0.155 0.184 0.165 0.071 0.0 0.0 0.0 0.0
0.055 0.324 0.143 0.024 0.058 0.207 0.189 0.0 0.0 0.0 0.0
