large
0.979
16
117
51 98 75 53 93
1 1 1 6 1
0.034 0.014 0.289 0.078 0.16 0.224 0.201 0.0 0.0 0.0 0.0
0.182 0.142 0.121 0.055 0.044 0.279 0.177 0.0 0.0 0.0 0.0
0.172 0.213 0.184 0.023 0.238 0.141 0.029 0.0 0.0 0.0 0.0
0.116 0.217 0.166 0.224 0.015 0.138 0.124 0.0 0.0 0.0 0.0
0.181 0.196 0.049 0.201 0.173 0.116 0.084 0.0 0.0 0.0 0.0
0.314 0.075 0.124 0.06 0.107 0.132 0.188 0.0 0.0 0.0 0.0
0.249 0.237 0.11 0.12 0.026 0.187 0.071 0.0 0.0 0.0 0.0
0.055 0.136 0.2 0.202 0.06 0.176 0.171 0.0 0.0 0.0 0.0
0.137 0.157 0.207 0.186 0.064 0.142 0.107 0.0 0.0 0.0 0.0
0.302 0.38 0.056 0.036 0.022 0.118 0.086 0.0 0.0 0.0 0.0
0.186 0.101 0.159 0.003 0.197 0.171 0.183 0.0 0.0 0.0 0.0
0.153 0.201 0.148 0.173 0.19 0.048 0.087 0.0 0.0 0.0 0.0
0.314 0.129 0.005 0.276 0.183 0.015 0.078 0.0 0.0 0.0 0.0
0.087 0.083 0.049 0.234 0.051 0.216 0.28 0.0 0.0 0.0 0.0
0.118 0.195 0.222 0.121 0.208 0.007 0.129 0.0 0.0 0.0 0.0
0.013 0.123 0.193 0.173 0.232 0.157 0.109 0.0 0.0 0.0 0.0
0.124 0.144 0.127 0.218 0.013 0.176 0.198 0.0 0.0 0.0 0.0
0.2 0.095 0.085 0.157 0.219 0.043 0.201 0.0 0.0 0.0 0.0
0.203 0.178 0.151 0.168 0.213 0.083 0.004 0.0 0.0 0.0 0.0
0.064 0.246 0.013 0.222 0.12 0.025 0.31 0.0 0.0 0.0 0.0
0.178 0.249 0.04 0.229 0.183 0.121 0.0 0.0 0.0 0.0 0.0
0.26 0.116 0.003 0.051 0.282 0.111 0.177 0.0 0.0 0.0 0.0
0.077 0.023 0.249 0.144 0.153 0.146 0.208 0.0 0.0 0.0 0.0
0.018 0.25 0.08 0.271 0.014 0.233 0.134 0.0 0.0 0.0 0.0
0.114 0.075 0.181 0.202 0.088 0.269 0.071 0.0 0.0 0.0 0.0
0.132 0.043 0.312 0.103 0.161 0.061 0.188 0.0 0.0 0.0 0.0
0.145 0.08 0.301 0.038 0.047 0.213 0.176 0.0 0.0 0.0 0.0
0.096 0.25 0.149 0.096 0.195 0.169 0.045 0.0 0.0 0.0 0.0
0.025 0.02 0.182 0.183 0.203 0.242 0.145 0.0 0.0 0.0 0.0
0.205 0.019 0.103 0.255 0.271 0.106 0.041 0.0 0.0 0.0 0.0
0.041 0.131 0.044 0.147 0.228 0.306 0.103 0.0 0.0 0.0 0.0
0.227 0.117 0.022 0.249 0.018 0.194 0.173 0.0 0.0 0.0 0.0
0.254 0.265 0.135 0.041 0.062 0.17 0.073 0.0 0.0 0.0 0.0
0.111 0.181 0.011 0.221 0.112 0.147 0.217 0.0 0.0 0.0 0.0
0.065 0.177 0.204 0.253 0.085 0.166 0.05 0.0 0.0 0.0 0.0
0.047 0.185 0.215 0.173 0.147 0.158 0.075 0.0 0.0 0.0 0.0
0.093 0.093 0.127 0.278 0.181 0.125 0.103 0.0 0.0 0.0 0.0
0.204 0.042 0.084 0.251 0.071 0.164 0.184 0.0 0.0 0.0 0.0
0.221 0.146 0.188 0.258 0.039 0.087 0.061 0.0 0.0 0.0 0.0
0.051 0.128 0.074 0.166 0.213 0.171 0.197 0.0 0.0 0.0 0.0
0.117 0.001 0.231 0.249 0.046 0.206 0.15 0.0 0.0 0.0 0.0
0.173 0.211 0.047 0.26 0.23 0.072 0.007 0.0 0.0 0.0 0.0
0.147 0.1 0.113 0.15 0.192 0.126 0.172 0.0 0.0 0.0 0.0
0.242 0.048 0.061 0.047 0.103 0.304 0.195 0.0 0.0 0.0 0.0
0.191 0.148 0.158 0.101 0.073 0.074 0.255 0.0 0.0 0.0 0.0
0.246 0.182 0.122 0.055 0.124 0.141 0.13 0.0 0.0 0.0 0.0
0.104 0.115 0.092 0.226 0.096 0.2 0.167 0.0 0.0 0.0 0.0
0.246 0.167 0.119 0.017 0.215 0.006 0.23 0.0 0.0 0.0 0.0
0.024 0.079 0.145 0.129 0.176 0.17 0.277 0.0 0.0 0.0 0.0
0.218 0.123 0.032 0.108 0.021 0.264 0.234 0.0 0.0 0.0 0.0
0.072 0.12 0.146 0.315 0.09 0.04 0.217 0.0 0.0 0.0 0.0
0.074 0.276 0.052 0.252 0.067 0.167 0.112 0.0 0.0 0.0 0.0
0.209 0.194 0.209 0.062 0.106 0.143 0.077 0.0 0.0 0.0 0.0
0.107 0.259 0.146 0.038 0.073 0.082 0.295 0.0 0.0 0.0 0.0
0.129 0.239 0.219 0.057 0.205 0.131 0.02 0.0 0.0 0.0 0.0
