medium
0.966
24
95
77 88 81
3 1 4
0.056 0.25 0.287 0.191 0.106 0.11 0.0 0.0 0.0
0.32 0.036 0.27 0.001 0.015 0.358 0.0 0.0 0.0
0.272 0.162 0.065 0.135 0.027 0.339 0.0 0.0 0.0
0.225 0.05 0.269 0.185 0.056 0.215 0.0 0.0 0.0
0.061 0.189 0.383 0.02 0.309 0.038 0.0 0.0 0.0
0.173 0.206 0.19 0.146 0.234 0.051 0.0 0.0 0.0
0.056 0.173 0.131 0.184 0.212 0.244 0.0 0.0 0.0
0.163 0.234 0.242 0.116 0.056 0.189 0.0 0.0 0.0
0.294 0.203 0.137 0.14 0.015 0.211 0.0 0.0 0.0
0.253 0.202 0.077 0.227 0.207 0.034 0.0 0.0 0.0
0.141 0.007 0.259 0.317 0.242 0.034 0.0 0.0 0.0
0.05 0.172 0.115 0.2 0.203 0.26 0.0 0.0 0.0
0.034 0.189 0.179 0.109 0.437 0.052 0.0 0.0 0.0
0.241 0.099 0.181 0.052 0.265 0.162 0.0 0.0 0.0
0.165 0.214 0.019 0.22 0.131 0.251 0.0 0.0 0.0
0.384 0.151 0.08 0.252 0.055 0.078 0.0 0.0 0.0
0.098 0.027 0.14 0.389 0.137 0.209 0.0 0.0 0.0
0.102 0.222 0.179 0.187 0.24 0.07 0.0 0.0 0.0
0.268 0.191 0.242 0.226 0.046 0.027 0.0 0.0 0.0
0.006 0.075 0.262 0.299 0.139 0.219 0.0 0.0 0.0
0.061 0.129 0.213 0.108 0.256 0.233 0.0 0.0 0.0
0.107 0.153 0.24 0.182 0.134 0.184 0.0 0.0 0.0
0.166 0.145 0.097 0.214 0.203 0.175 0.0 0.0 0.0
0.093 0.181 0.072 0.076 0.264 0.314 0.0 0.0 0.0
0.064 0.259 0.206 0.054 0.109 0.308 0.0 0.0 0.0
0.155 0.207 0.153 0.065 0.178 0.242 0.0 0.0 0.0
0.268 0.198 0.155 0.161 0.113 0.105 0.0 0.0 0.0
