medium
0.957
24
114
82 77 94
6 1 1
0.324 0.174 0.221 0.005 0.188 0.088 0.0 0.0 0.0
0.247 0.162 0.035 0.137 0.208 0.211 0.0 0.0 0.0
0.215 0.214 0.171 0.082 0.046 0.272 0.0 0.0 0.0
0.31 0.281 0.227 0.052 0.023 0.107 0.0 0.0 0.0
0.205 0.136 0.038 0.206 0.3 0.115 0.0 0.0 0.0
0.106 0.235 0.209 0.229 0.063 0.158 0.0 0.0 0.0
0.162 0.294 0.13 0.215 0.001 0.198 0.0 0.0 0.0
0.095 0.058 0.219 0.281 0.067 0.28 0.0 0.0 0.0
0.163 0.263 0.052 0.158 0.268 0.096 0.0 0.0 0.0
0.176 0.209 0.153 0.109 0.014 0.339 0.0 0.0 0.0
0.146 0.043 0.127 0.217 0.339 0.128 0.0 0.0 0.0
0.279 0.019 0.313 0.323 0.057 0.009 0.0 0.0 0.0
0.141 0.134 0.217 0.235 0.231 0.042 0.0 0.0 0.0
0.338 0.039 0.157 0.274 0.158 0.034 0.0 0.0 0.0
0.222 0.382 0.033 0.063 0.292 0.008 0.0 0.0 0.0
0.239 0.176 0.256 0.09 0.151 0.088 0.0 0.0 0.0
0.25 0.033 0.257 0.191 0.265 0.004 0.0 0.0 0.0
0.219 0.121 0.176 0.088 0.16 0.236 0.0 0.0 0.0
0.002 0.206 0.275 0.129 0.192 0.196 0.0 0.0 0.0
0.012 0.24 0.173 0.205 0.072 0.298 0.0 0.0 0.0
0.136 0.027 0.223 0.263 0.318 0.033 0.0 0.0 0.0
0.072 0.191 0.103 0.09 0.52 0.024 0.0 0.0 0.0
0.139 0.026 0.024 0.502 0.072 0.237 0.0 0.0 0.0
0.057 0.055 0.038 0.235 0.131 0.484 0.0 0.0 0.0
0.208 0.256 0.128 0.023 0.354 0.031 0.0 0.0 0.0
0.178 0.084 0.289 0.256 0.019 0.174 0.0 0.0 0.0
0.134 0.116 0.262 0.022 0.276 0.19 0.0 0.0 0.0
