medium
0.98
23
119
67 62 92
3 1 4
0.037 0.062 0.168 0.21 0.168 0.355 0.0 0.0 0.0
0.222 0.27 0.15 0.087 0.256 0.015 0.0 0.0 0.0
0.245 0.095 0.161 0.175 0.229 0.095 0.0 0.0 0.0
0.247 0.0 0.193 0.086 0.33 0.144 0.0 0.0 0.0
0.161 0.227 0.057 0.286 0.1 0.169 0.0 0.0 0.0
0.009 0.201 0.182 0.113 0.232 0.263 0.0 0.0 0.0
0.082 0.337 0.109 0.176 0.037 0.259 0.0 0.0 0.0
0.064 0.184 0.283 0.171 0.2 0.098 0.0 0.0 0.0
0.262 0.248 0.213 0.215 0.036 0.026 0.0 0.0 0.0
0.331 0.073 0.381 0.008 0.182 0.025 0.0 0.0 0.0
0.092 0.162 0.293 0.062 0.348 0.043 0.0 0.0 0.0
0.087 0.11 0.196 0.21 0.225 0.172 0.0 0.0 0.0
0.22 0.027 0.239 0.233 0.179 0.102 0.0 0.0 0.0
0.273 0.282 0.117 0.171 0.023 0.134 0.0 0.0 0.0
0.036 0.366 0.05 0.046 0.335 0.167 0.0 0.0 0.0
0.292 0.076 0.147 0.039 0.187 0.259 0.0 0.0 0.0
0.192 0.167 0.109 0.214 0.105 0.213 0.0 0.0 0.0
0.012 0.243 0.133 0.271 0.141 0.2 0.0 0.0 0.0
0.186 0.228 0.184 0.143 0.125 0.134 0.0 0.0 0.0
0.04 0.232 0.184 0.057 0.263 0.224 0.0 0.0 0.0
0.261 0.14 0.159 0.057 0.139 0.244 0.0 0.0 0.0
0.144 0.08 0.223 0.213 0.262 0.078 0.0 0.0 0.0
0.228 0.091 0.265 0.165 0.183 0.068 0.0 0.0 0.0
0.23 0.267 0.063 0.045 0.019 0.376 0.0 0.0 0.0
0.121 0.28 0.239 0.115 0.239 0.006 0.0 0.0 0.0
0.186 0.055 0.384 0.139 0.185 0.051 0.0 0.0 0.0
0.137 0.246 0.352 0.086 0.104 0.075 0.0 0.0 0.0
