medium
0.989
28
111
67 87 66
1 5 1
0.136 0.117 0.257 0.029 0.279 0.182 0.0 0.0 0.0
0.014 0.268 0.174 0.198 0.187 0.159 0.0 0.0 0.0
0.101 0.553 0.011 0.287 0.026 0.022 0.0 0.0 0.0
0.31 0.002 0.134 0.155 0.284 0.115 0.0 0.0 0.0
0.026 0.172 0.237 0.159 0.243 0.163 0.0 0.0 0.0
0.204 0.039 0.247 0.136 0.246 0.128 0.0 0.0 0.0
0.047 0.202 0.209 0.053 0.263 0.226 0.0 0.0 0.0
0.279 0.271 0.007 0.213 0.106 0.124 0.0 0.0 0.0
0.322 0.081 0.077 0.283 0.049 0.188 0.0 0.0 0.0
0.234 0.152 0.211 0.127 0.142 0.134 0.0 0.0 0.0
0.136 0.078 0.142 0.303 0.001 0.34 0.0 0.0 0.0
0.231 0.229 0.003 0.23 0.14 0.167 0.0 0.0 0.0
0.143 0.183 0.181 0.195 0.177 0.121 0.0 0.0 0.0
0.048 0.213 0.116 0.104 0.27 0.249 0.0 0.0 0.0
0.265 0.224 0.044 0.245 0.166 0.056 0.0 0.0 0.0
0.207 0.107 0.217 0.219 0.074 0.176 0.0 0.0 0.0
0.016 0.351 0.043 0.186 0.362 0.042 0.0 0.0 0.0
0.3 0.043 0.119 0.251 0.185 0.102 0.0 0.0 0.0
0.274 0.094 0.004 0.043 0.354 0.231 0.0 0.0 0.0
0.404 0.03 0.138 0.334 0.006 0.088 0.0 0.0 0.0
0.054 0.257 0.363 0.049 0.065 0.212 0.0 0.0 0.0
0.175 0.213 0.239 0.156 0.181 0.036 0.0 0.0 0.0
0.094 0.396 0.129 0.168 0.19 0.023 0.0 0.0 0.0
0.111 0.019 0.249 0.15 0.219 0.252 0.0 0.0 0.0
0.07 0.126 0.266 0.184 0.069 0.285 0.0 0.0 0.0
0.136 0.21 0.126 0.336 0.176 0.016 0.0 0.0 0.0
0.176 0.214 0.023 0.236 0.223 0.128 0.0 0.0 0.0
