medium
0.967
28
99
93 55 73
6 1 1
0.007 0.474 0.252 0.096 0.043 0.128 0.0 0.0 0.0
0.227 0.189 0.018 0.127 0.195 0.244 0.0 0.0 0.0
0.174 0.245 0.236 0.169 0.159 0.017 0.0 0.0 0.0
0.004 0.06 0.184 0.328 0.167 0.257 0.0 0.0 0.0
0.2 0.147 0.158 0.132 0.203 0.16 0.0 0.0 0.0
0.0 0.233 0.504 0.063 0.011 0.189 0.0 0.0 0.0
0.406 0.146 0.028 0.095 0.294 0.031 0.0 0.0 0.0
0.252 0.227 0.21 0.146 0.101 0.064 0.0 0.0 0.0
0.13 0.253 0.132 0.257 0.12 0.108 0.0 0.0 0.0
0.253 0.193 0.286 0.171 0.063 0.034 0.0 0.0 0.0
0.049 0.219 0.192 0.132 0.202 0.206 0.0 0.0 0.0
0.202 0.267 0.057 0.111 0.199 0.164 0.0 0.0 0.0
0.282 0.223 0.038 0.206 0.097 0.154 0.0 0.0 0.0
0.268 0.037 0.119 0.013 0.123 0.44 0.0 0.0 0.0
0.06 0.073 0.107 0.218 0.23 0.312 0.0 0.0 0.0
0.055 0.116 0.312 0.119 0.201 0.197 0.0 0.0 0.0
0.195 0.098 0.034 0.311 0.25 0.112 0.0 0.0 0.0
0.208 0.102 0.256 0.106 0.117 0.211 0.0 0.0 0.0
0.163 0.162 0.119 0.252 0.13 0.174 0.0 0.0 0.0
0.263 0.189 0.058 0.248 0.127 0.115 0.0 0.0 0.0
0.077 0.281 0.254 0.081 0.101 0.206 0.0 0.0 0.0
0.181 0.059 0.2 0.13 0.204 0.226 0.0 0.0 0.0
0.355 0.075 0.165 0.143 0.215 0.047 0.0 0.0 0.0
0.168 0.193 0.125 0.165 0.165 0.184 0.0 0.0 0.0
0.051 0.276 0.097 0.266 0.042 0.268 0.0 0.0 0.0
0.195 0.124 0.278 0.161 0.081 0.161 0.0 0.0 0.0
0.024 0.33 0.106 0.326 0.01 0.204 0.0 0.0 0.0
