mega
0.97
28
101
88 96 93 91 83 89 61
10 1 1 1 2 1 4
0.121 0.062 0.033 0.18 0.155 0.174 0.058 0.046 0.171 0.0 0.0 0.0 0.0 0.0 0.0 0.0 0.0 0.0 0.0 0.0 0.0
0.059 0.166 0.076 0.141 0.113 0.105 0.078 0.14 0.122 0.0 0.0 0.0 0.0 0.0 0.0 0.0 0.0 0.0 0.0 0.0 0.0
0.073 0.114 0.098 0.104 0.111 0.196 0.107 0.105 0.092 0.0 0.0 0.0 0.0 0.0 0.0 0.0 0.0 0.0 0.0 0.0 0.0
0.122 0.014 0.03 0.148 0.118 0.089 0.167 0.145 0.167 0.0 0.0 0.0 0.0 0.0 0.0 0.0 0.0 0.0 0.0 0.0 0.0
0.029 0.161 0.186 0.007 0.205 0.016 0.202 0.179 0.015 0.0 0.0 0.0 0.0 0.0 0.0 0.0 0.0 0.0 0.0 0.0 0.0
0.218 0.0 0.194 0.182 0.045 0.194 0.059 0.1 0.008 0.0 0.0 0.0 0.0 0.0 0.0 0.0 0.0 0.0 0.0 0.0 0.0
0.181 0.161 0.1 0.09 0.112 0.142 0.046 0.09 0.078 0.0 0.0 0.0 0.0 0.0 0.0 0.0 0.0 0.0 0.0 0.0 0.0
0.122 0.083 0.027 0.228 0.18 0.0 0.2 0.102 0.058 0.0 0.0 0.0 0.0 0.0 0.0 0.0 0.0 0.0 0.0 0.0 0.0
0.112 0.077 0.142 0.07 0.212 0.101 0.015 0.042 0.229 0.0 0.0 0.0 0.0 0.0 0.0 0.0 0.0 0.0 0.0 0.0 0.0
0.145 0.213 0.22 0.118 0.006 0.065 0.074 0.102 0.057 0.0 0.0 0.0 0.0 0.0 0.0 0.0 0.0 0.0 0.0 0.0 0.0
0.273 0.042 0.229 0.15 0.076 0.118 0.066 0.037 0.009 0.0 0.0 0.0 0.0 0.0 0.0 0.0 0.0 0.0 0.0 0.0 0.0
0.078 0.091 0.121 0.174 0.002 0.117 0.169 0.123 0.125 0.0 0.0 0.0 0.0 0.0 0.0 0.0 0.0 0.0 0.0 0.0 0.0
0.067 0.233 0.296 0.052 0.162 0.019 0.006 0.026 0.139 0.0 0.0 0.0 0.0 0.0 0.0 0.0 0.0 0.0 0.0 0.0 0.0
0.095 0.143 0.149 0.07 0.097 0.158 0.069 0.171 0.048 0.0 0.0 0.0 0.0 0.0 0.0 0.0 0.0 0.0 0.0 0.0 0.0
0.014 0.159 0.151 0.169 0.147 0.1 0.157 0.053 0.05 0.0 0.0 0.0 0.0 0.0 0.0 0.0 0.0 0.0 0.0 0.0 0.0
0.044 0.141 0.141 0.151 0.07 0.109 0.14 0.095 0.109 0.0 0.0 0.0 0.0 0.0 0.0 0.0 0.0 0.0 0.0 0.0 0.0
0.115 0.141 0.172 0.068 0.046 0.156 0.142 0.151 0.009 0.0 0.0 0.0 0.0 0.0 0.0 0.0 0.0 0.0 0.0 0.0 0.0
0.016 0.165 0.034 0.167 0.084 0.147 0.165 0.077 0.145 0.0 0.0 0.0 0.0 0.0 0.0 0.0 0.0 0.0 0.0 0.0 0.0
0.148 0.115 0.119 0.168 0.171 0.093 0.119 0.041 0.026 0.0 0.0 0.0 0.0 0.0 0.0 0.0 0.0 0.0 0.0 0.0 0.0
0.246 0.242 0.053 0.099 0.005 0.039 0.052 0.126 0.138 0.0 0.0 0.0 0.0 0.0 0.0 0.0 0.0 0.0 0.0 0.0 0.0
0.065 0.186 0.148 0.201 0.153 0.037 0.083 0.045 0.082 0.0 0.0 0.0 0.0 0.0 0.0 0.0 0.0 0.0 0.0 0.0 0.0
0.059 0.071 0.106 0.133 0.213 0.19 0.08 0.001 0.147 0.0 0.0 0.0 0.0 0.0 0.0 0.0 0.0 0.0 0.0 0.0 0.0
0.085 0.055 0.117 0.13 0.161 0.075 0.206 0.103 0.068 0.0 0.0 0.0 0.0 0.0 0.0 0.0 0.0 0.0 0.0 0.0 0.0
0.186 0.112 0.148 0.047 0.159 0.035 0.092 0.114 0.107 0.0 0.0 0.0 0.0 0.0 0.0 0.0 0.0 0.0 0.0 0.0 0.0
0.064 0.022 0.157 0.123 0.179 0.078 0.187 0.014 0.176 0.0 0.0 0.0 0.0 0.0 0.0 0.0 0.0 0.0 0.0 0.0 0.0
0.079 0.16 0.258 0.089 0.062 0.087 0.135 0.034 0.096 0.0 0.0 0.0 0.0 0.0 0.0 0.0 0.0 0.0 0.0 0.0 0.0
0.075 0.153 0.227 0.099 0.225 0.049 0.001 0.135 0.036 0.0 0.0 0.0 0.0 0.0 0.0 0.0 0.0 0.0 0.0 0.0 0.0
0.141 0.021 0.104 0.195 0.034 0.165 0.058 0.238 0.044 0.0 0.0 0.0 0.0 0.0 0.0 0.0 0.0 0.0 0.0 0.0 0.0
0.038 0.008 0.177 0.144 0.142 0.082 0.162 0.104 0.143 0.0 0.0 0.0 0.0 0.0 0.0 0.0 0.0 0.0 0.0 0.0 0.0
0.04 0.005 0.105 0.185 0.185 0.026 0.102 0.166 0.186 0.0 0.0 0.0 0.0 0.0 0.0 0.0 0.0 0.0 0.0 0.0 0.0
0.13 0.048 0.115 0.133 0.222 0.004 0.086 0.02 0.242 0.0 0.0 0.0 0.0 0.0 0.0 0.0 0.0 0.0 0.0 0.0 0.0
0.082 0.16 0.187 0.078 0.066 0.001 0.204 0.077 0.145 0.0 0.0 0.0 0.0 0.0 0.0 0.0 0.0 0.0 0.0 0.0 0.0
0.216 0.058 0.059 0.076 0.252 0.175 0.02 0.011 0.133 0.0 0.0 0.0 0.0 0.0 0.0 0.0 0.0 0.0 0.0 0.0 0.0
0.005 0.101 0.21 0.011 0.254 0.179 0.062 0.121 0.057 0.0 0.0 0.0 0.0 0.0 0.0 0.0 0.0 0.0 0.0 0.0 0.0
0.055 0.17 0.096 0.152 0.147 0.071 0.032 0.145 0.132 0.0 0.0 0.0 0.0 0.0 0.0 0.0 0.0 0.0 0.0 0.0 0.0
0.149 0.146 0.158 0.16 0.007 0.164 0.022 0.121 0.073 0.0 0.0 0.0 0.0 0.0 0.0 0.0 0.0 0.0 0.0 0.0 0.0
0.261 0.006 0.04 0.152 0.016 0.082 0.159 0.186 0.098 0.0 0.0 0.0 0.0 0.0 0.0 0.0 0.0 0.0 0.0 0.0 0.0
0.076 0.189 0.228 0.021 0.047 0.166 0.131 0.024 0.118 0.0 0.0 0.0 0.0 0.0 0.0 0.0 0.0 0.0 0.0 0.0 0.0
0.262 0.024 0.092 0.047 0.072 0.24 0.083 0.056 0.124 0.0 0.0 0.0 0.0 0.0 0.0 0.0 0.0 0.0 0.0 0.0 0.0
0.247 0.05 0.001 0.029 0.03 0.167 0.041 0.235 0.2 0.0 0.0 0.0 0.0 0.0 0.0 0.0 0.0 0.0 0.0 0.0 0.0
0.191 0.046 0.053 0.136 0.141 0.141 0.189 0.101 0.002 0.0 0.0 0.0 0.0 0.0 0.0 0.0 0.0 0.0 0.0 0.0 0.0
0.17 0.134 0.046 0.164 0.023 0.139 0.113 0.182 0.029 0.0 0.0 0.0 0.0 0.0 0.0 0.0 0.0 0.0 0.0 0.0 0.0
0.149 0.011 0.101 0.074 0.033 0.208 0.17 0.071 0.183 0.0 0.0 0.0 0.0 0.0 0.0 0.0 0.0 0.0 0.0 0.0 0.0
0.041 0.12 0.165 0.151 0.014 0.112 0.151 0.188 0.058 0.0 0.0 0.0 0.0 0.0 0.0 0.0 0.0 0.0 0.0 0.0 0.0
0.094 0.247 0.05 0.038 0.141 0.231 0.066 0.133 0.0 0.0 0.0 0.0 0.0 0.0 0.0 0.0 0.0 0.0 0.0 0.0 0.0
0.104 0.188 0.168 0.126 0.033 0.138 0.105 0.003 0.135 0.0 0.0 0.0 0.0 0.0 0.0 0.0 0.0 0.0 0.0 0.0 0.0
0.199 0.147 0.179 0.158 0.201 0.058 0.043 0.002 0.013 0.0 0.0 0.0 0.0 0.0 0.0 0.0 0.0 0.0 0.0 0.0 0.0
0.238 0.167 0.053 0.154 0.085 0.18 0.048 0.012 0.063 0.0 0.0 0.0 0.0 0.0 0.0 0.0 0.0 0.0 0.0 0.0 0.0
0.165 0.156 0.168 0.132 0.098 0.036 0.02 0.076 0.149 0.0 0.0 0.0 0.0 0.0 0.0 0.0 0.0 0.0 0.0 0.0 0.0
0.176 0.168 0.063 0.126 0.007 0.063 0.161 0.16 0.076 0.0 0.0 0.0 0.0 0.0 0.0 0.0 0.0 0.0 0.0 0.0 0.0
0.178 0.092 0.029 0.168 0.191 0.134 0.036 0.169 0.003 0.0 0.0 0.0 0.0 0.0 0.0 0.0 0.0 0.0 0.0 0.0 0.0
0.028 0.142 0.235 0.001 0.335 0.108 0.014 0.092 0.045 0.0 0.0 0.0 0.0 0.0 0.0 0.0 0.0 0.0 0.0 0.0 0.0
0.021 0.19 0.067 0.102 0.223 0.115 0.084 0.151 0.047 0.0 0.0 0.0 0.0 0.0 0.0 0.0 0.0 0.0 0.0 0.0 0.0
0.114 0.043 0.06 0.115 0.164 0.139 0.104 0.043 0.218 0.0 0.0 0.0 0.0 0.0 0.0 0.0 0.0 0.0 0.0 0.0 0.0
0.141 0.045 0.121 0.13 0.02 0.154 0.075 0.123 0.191 0.0 0.0 0.0 0.0 0.0 0.0 0.0 0.0 0.0 0.0 0.0 0.0
0.178 0.131 0.005 0.051 0.093 0.154 0.147 0.079 0.162 0.0 0.0 0.0 0.0 0.0 0.0 0.0 0.0 0.0 0.0 0.0 0.0
0.108 0.075 0.154 0.154 0.068 0.023 0.077 0.17 0.171 0.0 0.0 0.0 0.0 0.0 0.0 0.0 0.0 0.0 0.0 0.0 0.0
0.128 0.118 0.083 0.067 0.125 0.084 0.162 0.183 0.05 0.0 0.0 0.0 0.0 0.0 0.0 0.0 0.0 0.0 0.0 0.0 0.0
0.164 0.081 0.085 0.197 0.095 0.007 0.051 0.157 0.163 0.0 0.0 0.0 0.0 0.0 0.0 0.0 0.0 0.0 0.0 0.0 0.0
0.043 0.106 0.015 0.249 0.143 0.195 0.014 0.177 0.058 0.0 0.0 0.0 0.0 0.0 0.0 0.0 0.0 0.0 0.0 0.0 0.0
0.168 0.16 0.16 0.083 0.117 0.012 0.029 0.179 0.092 0.0 0.0 0.0 0.0 0.0 0.0 0.0 0.0 0.0 0.0 0.0 0.0
0.066 0.089 0.037 0.01 0.157 0.159 0.176 0.126 0.18 0.0 0.0 0.0 0.0 0.0 0.0 0.0 0.0 0.0 0.0 0.0 0.0
0.095 0.108 0.112 0.12 0.119 0.084 0.127 0.05 0.185 0.0 0.0 0.0 0.0 0.0 0.0 0.0 0.0 0.0 0.0 0.0 0.0
0.113 0.145 0.073 0.165 0.172 0.011 0.065 0.136 0.12 0.0 0.0 0.0 0.0 0.0 0.0 0.0 0.0 0.0 0.0 0.0 0.0
0.107 0.171 0.1 0.032 0.169 0.148 0.152 0.064 0.057 0.0 0.0 0.0 0.0 0.0 0.0 0.0 0.0 0.0 0.0 0.0 0.0
0.064 0.136 0.107 0.004 0.139 0.15 0.117 0.13 0.153 0.0 0.0 0.0 0.0 0.0 0.0 0.0 0.0 0.0 0.0 0.0 0.0
0.197 0.034 0.147 0.076 0.095 0.14 0.179 0.01 0.122 0.0 0.0 0.0 0.0 0.0 0.0 0.0 0.0 0.0 0.0 0.0 0.0
0.177 0.109 0.069 0.233 0.11 0.122 0.088 0.072 0.02 0.0 0.0 0.0 0.0 0.0 0.0 0.0 0.0 0.0 0.0 0.0 0.0
0.222 0.099 0.144 0.071 0.088 0.015 0.12 0.013 0.228 0.0 0.0 0.0 0.0 0.0 0.0 0.0 0.0 0.0 0.0 0.0 0.0
0.079 0.11 0.175 0.178 0.017 0.164 0.153 0.111 0.013 0.0 0.0 0.0 0.0 0.0 0.0 0.0 0.0 0.0 0.0 0.0 0.0
0.153 0.145 0.012 0.174 0.079 0.105 0.057 0.154 0.121 0.0 0.0 0.0 0.0 0.0 0.0 0.0 0.0 0.0 0.0 0.0 0.0
0.056 0.092 0.061 0.218 0.071 0.303 0.115 0.015 0.069 0.0 0.0 0.0 0.0 0.0 0.0 0.0 0.0 0.0 0.0 0.0 0.0
0.159 0.105 0.162 0.086 0.171 0.091 0.048 0.146 0.032 0.0 0.0 0.0 0.0 0.0 0.0 0.0 0.0 0.0 0.0 0.0 0.0
0.097 0.045 0.078 0.117 0.101 0.15 0.201 0.174 0.037 0.0 0.0 0.0 0.0 0.0 0.0 0.0 0.0 0.0 0.0 0.0 0.0
0.101 0.063 0.004 0.125 0.201 0.236 0.189 0.044 0.037 0.0 0.0 0.0 0.0 0.0 0.0 0.0 0.0 0.0 0.0 0.0 0.0
0.226 0.064 0.023 0.199 0.137 0.092 0.078 0.141 0.04 0.0 0.0 0.0 0.0 0.0 0.0 0.0 0.0 0.0 0.0 0.0 0.0
0.141 0.144 0.105 0.165 0.055 0.064 0.152 0.161 0.013 0.0 0.0 0.0 0.0 0.0 0.0 0.0 0.0 0.0 0.0 0.0 0.0
0.087 0.054 0.033 0.102 0.204 0.057 0.226 0.096 0.141 0.0 0.0 0.0 0.0 0.0 0.0 0.0 0.0 0.0 0.0 0.0 0.0
0.136 0.033 0.027 0.235 0.132 0.197 0.067 0.001 0.172 0.0 0.0 0.0 0.0 0.0 0.0 0.0 0.0 0.0 0.0 0.0 0.0
0.021 0.093 0.007 0.142 0.163 0.05 0.199 0.149 0.176 0.0 0.0 0.0 0.0 0.0 0.0 0.0 0.0 0.0 0.0 0.0 0.0
0.042 0.079 0.003 0.181 0.212 0.047 0.124 0.133 0.179 0.0 0.0 0.0 0.0 0.0 0.0 0.0 0.0 0.0 0.0 0.0 0.0
0.094 0.203 0.2 0.024 0.06 0.182 0.035 0.1 0.102 0.0 0.0 0.0 0.0 0.0 0.0 0.0 0.0 0.0 0.0 0.0 0.0
0.163 0.106 0.05 0.183 0.088 0.064 0.143 0.153 0.05 0.0 0.0 0.0 0.0 0.0 0.0 0.0 0.0 0.0 0.0 0.0 0.0
0.2 0.176 0.096 0.065 0.131 0.018 0.134 0.013 0.167 0.0 0.0 0.0 0.0 0.0 0.0 0.0 0.0 0.0 0.0 0.0 0.0
0.051 0.18 0.203 0.005 0.075 0.177 0.228 0.002 0.079 0.0 0.0 0.0 0.0 0.0 0.0 0.0 0.0 0.0 0.0 0.0 0.0
0.231 0.051 0.158 0.108 0.039 0.092 0.119 0.192 0.01 0.0 0.0 0.0 0.0 0.0 0.0 0.0 0.0 0.0 0.0 0.0 0.0
0.036 0.173 0.153 0.157 0.031 0.074 0.121 0.103 0.152 0.0 0.0 0.0 0.0 0.0 0.0 0.0 0.0 0.0 0.0 0.0 0.0
0.017 0.066 0.058 0.206 0.246 0.037 0.014 0.143 0.213 0.0 0.0 0.0 0.0 0.0 0.0 0.0 0.0 0.0 0.0 0.0 0.0
0.069 0.09 0.179 0.16 0.194 0.004 0.16 0.021 0.123 0.0 0.0 0.0 0.0 0.0 0.0 0.0 0.0 0.0 0.0 0.0 0.0
0.175 0.188 0.176 0.146 0.058 0.165 0.016 0.012 0.064 0.0 0.0 0.0 0.0 0.0 0.0 0.0 0.0 0.0 0.0 0.0 0.0
0.043 0.15 0.113 0.005 0.176 0.115 0.173 0.158 0.067 0.0 0.0 0.0 0.0 0.0 0.0 0.0 0.0 0.0 0.0 0.0 0.0
0.132 0.125 0.187 0.135 0.146 0.031 0.184 0.02 0.04 0.0 0.0 0.0 0.0 0.0 0.0 0.0 0.0 0.0 0.0 0.0 0.0
0.003 0.227 0.124 0.031 0.182 0.181 0.055 0.147 0.05 0.0 0.0 0.0 0.0 0.0 0.0 0.0 0.0 0.0 0.0 0.0 0.0
0.027 0.076 0.004 0.177 0.073 0.261 0.043 0.08 0.259 0.0 0.0 0.0 0.0 0.0 0.0 0.0 0.0 0.0 0.0 0.0 0.0
0.157 0.068 0.138 0.076 0.123 0.073 0.145 0.16 0.06 0.0 0.0 0.0 0.0 0.0 0.0 0.0 0.0 0.0 0.0 0.0 0.0
0.361 0.107 0.046 0.135 0.136 0.009 0.071 0.042 0.093 0.0 0.0 0.0 0.0 0.0 0.0 0.0 0.0 0.0 0.0 0.0 0.0
0.083 0.053 0.132 0.106 0.198 0.142 0.191 0.011 0.084 0.0 0.0 0.0 0.0 0.0 0.0 0.0 0.0 0.0 0.0 0.0 0.0
0.001 0.168 0.131 0.146 0.083 0.275 0.054 0.003 0.139 0.0 0.0 0.0 0.0 0.0 0.0 0.0 0.0 0.0 0.0 0.0 0.0
0.164 0.028 0.186 0.075 0.039 0.119 0.12 0.17 0.099 0.0 0.0 0.0 0.0 0.0 0.0 0.0 0.0 0.0 0.0 0.0 0.0
0.169 0.027 0.121 0.15 0.12 0.1 0.084 0.088 0.141 0.0 0.0 0.0 0.0 0.0 0.0 0.0 0.0 0.0 0.0 0.0 0.0
0.174 0.055 0.216 0.125 0.035 0.064 0.237 0.04 0.054 0.0 0.0 0.0 0.0 0.0 0.0 0.0 0.0 0.0 0.0 0.0 0.0
0.13 0.153 0.156 0.132 0.134 0.02 0.136 0.041 0.098 0.0 0.0 0.0 0.0 0.0 0.0 0.0 0.0 0.0 0.0 0.0 0.0
0.035 0.078 0.007 0.228 0.097 0.126 0.101 0.063 0.265 0.0 0.0 0.0 0.0 0.0 0.0 0.0 0.0 0.0 0.0 0.0 0.0
0.063 0.073 0.047 0.165 0.041 0.084 0.223 0.16 0.144 0.0 0.0 0.0 0.0 0.0 0.0 0.0 0.0 0.0 0.0 0.0 0.0
0.12 0.095 0.096 0.122 0.131 0.061 0.116 0.134 0.125 0.0 0.0 0.0 0.0 0.0 0.0 0.0 0.0 0.0 0.0 0.0 0.0
0.076 0.059 0.166 0.179 0.143 0.114 0.059 0.093 0.111 0.0 0.0 0.0 0.0 0.0 0.0 0.0 0.0 0.0 0.0 0.0 0.0
0.125 0.131 0.157 0.086 0.154 0.121 0.158 0.024 0.044 0.0 0.0 0.0 0.0 0.0 0.0 0.0 0.0 0.0 0.0 0.0 0.0
0.102 0.119 0.117 0.177 0.028 0.148 0.096 0.156 0.057 0.0 0.0 0.0 0.0 0.0 0.0 0.0 0.0 0.0 0.0 0.0 0.0
0.089 0.165 0.138 0.144 0.133 0.055 0.164 0.019 0.093 0.0 0.0 0.0 0.0 0.0 0.0 0.0 0.0 0.0 0.0 0.0 0.0
0.153 0.125 0.106 0.123 0.125 0.001 0.188 0.05 0.129 0.0 0.0 0.0 0.0 0.0 0.0 0.0 0.0 0.0 0.0 0.0 0.0
0.023 0.221 0.071 0.089 0.207 0.123 0.171 0.044 0.051 0.0 0.0 0.0 0.0 0.0 0.0 0.0 0.0 0.0 0.0 0.0 0.0
0.099 0.031 0.051 0.217 0.169 0.065 0.224 0.129 0.015 0.0 0.0 0.0 0.0 0.0 0.0 0.0 0.0 0.0 0.0 0.0 0.0
0.093 0.009 0.069 0.185 0.113 0.134 0.171 0.077 0.149 0.0 0.0 0.0 0.0 0.0 0.0 0.0 0.0 0.0 0.0 0.0 0.0
0.145 0.151 0.189 0.139 0.033 0.033 0.024 0.095 0.191 0.0 0.0 0.0 0.0 0.0 0.0 0.0 0.0 0.0 0.0 0.0 0.0
0.114 0.013 0.182 0.14 0.133 0.077 0.182 0.147 0.012 0.0 0.0 0.0 0.0 0.0 0.0 0.0 0.0 0.0 0.0 0.0 0.0
0.139 0.173 0.097 0.014 0.208 0.069 0.05 0.184 0.066 0.0 0.0 0.0 0.0 0.0 0.0 0.0 0.0 0.0 0.0 0.0 0.0
0.059 0.142 0.009 0.123 0.073 0.142 0.126 0.152 0.174 0.0 0.0 0.0 0.0 0.0 0.0 0.0 0.0 0.0 0.0 0.0 0.0
0.087 0.16 0.014 0.149 0.103 0.197 0.008 0.108 0.174 0.0 0.0 0.0 0.0 0.0 0.0 0.0 0.0 0.0 0.0 0.0 0.0
0.185 0.169 0.128 0.054 0.118 0.067 0.034 0.044 0.201 0.0 0.0 0.0 0.0 0.0 0.0 0.0 0.0 0.0 0.0 0.0 0.0
0.14 0.138 0.118 0.119 0.079 0.078 0.17 0.113 0.045 0.0 0.0 0.0 0.0 0.0 0.0 0.0 0.0 0.0 0.0 0.0 0.0
0.015 0.143 0.177 0.185 0.157 0.071 0.106 0.114 0.032 0.0 0.0 0.0 0.0 0.0 0.0 0.0 0.0 0.0 0.0 0.0 0.0
0.06 0.199 0.199 0.061 0.066 0.066 0.045 0.127 0.177 0.0 0.0 0.0 0.0 0.0 0.0 0.0 0.0 0.0 0.0 0.0 0.0
0.074 0.089 0.014 0.084 0.116 0.148 0.141 0.163 0.171 0.0 0.0 0.0 0.0 0.0 0.0 0.0 0.0 0.0 0.0 0.0 0.0
0.099 0.084 0.213 0.064 0.193 0.188 0.093 0.053 0.013 0.0 0.0 0.0 0.0 0.0 0.0 0.0 0.0 0.0 0.0 0.0 0.0
0.057 0.104 0.229 0.214 0.005 0.001 0.184 0.19 0.016 0.0 0.0 0.0 0.0 0.0 0.0 0.0 0.0 0.0 0.0 0.0 0.0
0.166 0.077 0.012 0.111 0.14 0.172 0.128 0.155 0.039 0.0 0.0 0.0 0.0 0.0 0.0 0.0 0.0 0.0 0.0 0.0 0.0
0.024 0.021 0.181 0.095 0.07 0.168 0.26 0.151 0.03 0.0 0.0 0.0 0.0 0.0 0.0 0.0 0.0 0.0 0.0 0.0 0.0
0.148 0.002 0.031 0.192 0.144 0.087 0.139 0.116 0.141 0.0 0.0 0.0 0.0 0.0 0.0 0.0 0.0 0.0 0.0 0.0 0.0
0.133 0.042 0.113 0.007 0.095 0.155 0.113 0.174 0.168 0.0 0.0 0.0 0.0 0.0 0.0 0.0 0.0 0.0 0.0 0.0 0.0
0.061 0.052 0.191 0.184 0.054 0.04 0.042 0.187 0.189 0.0 0.0 0.0 0.0 0.0 0.0 0.0 0.0 0.0 0.0 0.0 0.0
0.015 0.101 0.059 0.218 0.209 0.018 0.134 0.045 0.201 0.0 0.0 0.0 0.0 0.0 0.0 0.0 0.0 0.0 0.0 0.0 0.0
0.095 0.204 0.154 0.021 0.202 0.073 0.113 0.066 0.072 0.0 0.0 0.0 0.0 0.0 0.0 0.0 0.0 0.0 0.0 0.0 0.0
0.109 0.012 0.193 0.161 0.001 0.17 0.173 0.061 0.12 0.0 0.0 0.0 0.0 0.0 0.0 0.0 0.0 0.0 0.0 0.0 0.0
0.029 0.128 0.313 0.024 0.054 0.055 0.033 0.088 0.276 0.0 0.0 0.0 0.0 0.0 0.0 0.0 0.0 0.0 0.0 0.0 0.0
0.019 0.035 0.25 0.034 0.114 0.181 0.005 0.252 0.11 0.0 0.0 0.0 0.0 0.0 0.0 0.0 0.0 0.0 0.0 0.0 0.0
0.116 0.133 0.104 0.126 0.058 0.084 0.093 0.128 0.158 0.0 0.0 0.0 0.0 0.0 0.0 0.0 0.0 0.0 0.0 0.0 0.0
0.01 0.008 0.161 0.094 0.18 0.167 0.051 0.168 0.161 0.0 0.0 0.0 0.0 0.0 0.0 0.0 0.0 0.0 0.0 0.0 0.0
0.107 0.029 0.104 0.207 0.034 0.119 0.158 0.066 0.176 0.0 0.0 0.0 0.0 0.0 0.0 0.0 0.0 0.0 0.0 0.0 0.0
0.025 0.138 0.097 0.078 0.147 0.111 0.143 0.161 0.1 0.0 0.0 0.0 0.0 0.0 0.0 0.0 0.0 0.0 0.0 0.0 0.0
0.138 0.15 0.02 0.154 0.157 0.053 0.143 0.11 0.075 0.0 0.0 0.0 0.0 0.0 0.0 0.0 0.0 0.0 0.0 0.0 0.0
0.187 0.204 0.089 0.127 0.022 0.154 0.163 0.018 0.036 0.0 0.0 0.0 0.0 0.0 0.0 0.0 0.0 0.0 0.0 0.0 0.0
0.095 0.079 0.171 0.155 0.023 0.015 0.224 0.171 0.067 0.0 0.0 0.0 0.0 0.0 0.0 0.0 0.0 0.0 0.0 0.0 0.0
0.069 0.194 0.033 0.085 0.121 0.122 0.104 0.206 0.066 0.0 0.0 0.0 0.0 0.0 0.0 0.0 0.0 0.0 0.0 0.0 0.0
0.098 0.088 0.008 0.131 0.235 0.2 0.039 0.149 0.052 0.0 0.0 0.0 0.0 0.0 0.0 0.0 0.0 0.0 0.0 0.0 0.0
0.044 0.055 0.193 0.084 0.144 0.079 0.181 0.04 0.18 0.0 0.0 0.0 0.0 0.0 0.0 0.0 0.0 0.0 0.0 0.0 0.0
0.061 0.219 0.222 0.015 0.081 0.17 0.081 0.012 0.139 0.0 0.0 0.0 0.0 0.0 0.0 0.0 0.0 0.0 0.0 0.0 0.0
0.223 0.062 0.039 0.157 0.027 0.054 0.106 0.206 0.126 0.0 0.0 0.0 0.0 0.0 0.0 0.0 0.0 0.0 0.0 0.0 0.0
