small
0.96
20
116
88 71
3 1
0.221 0.217 0.139 0.135 0.236 0.052 0.0 0.0 0.0
0.15 0.129 0.14 0.077 0.176 0.328 0.0 0.0 0.0
0.304 0.196 0.176 0.145 0.071 0.108 0.0 0.0 0.0
0.172 0.207 0.199 0.094 0.198 0.13 0.0 0.0 0.0
0.191 0.246 0.185 0.022 0.193 0.163 0.0 0.0 0.0
0.14 0.339 0.175 0.053 0.133 0.16 0.0 0.0 0.0
0.154 0.179 0.197 0.134 0.178 0.158 0.0 0.0 0.0
0.057 0.056 0.095 0.243 0.278 0.271 0.0 0.0 0.0
0.052 0.278 0.279 0.084 0.104 0.203 0.0 0.0 0.0
0.141 0.13 0.216 0.021 0.339 0.153 0.0 0.0 0.0
0.274 0.051 0.204 0.259 0.178 0.034 0.0 0.0 0.0
0.106 0.351 0.231 0.033 0.141 0.138 0.0 0.0 0.0
0.228 0.102 0.175 0.079 0.274 0.142 0.0 0.0 0.0
0.089 0.148 0.119 0.264 0.17 0.21 0.0 0.0 0.0
0.176 0.245 0.125 0.223 0.161 0.07 0.0 0.0 0.0
0.195 0.321 0.216 0.055 0.109 0.104 0.0 0.0 0.0
0.018 0.18 0.131 0.366 0.078 0.227 0.0 0.0 0.0
0.207 0.169 0.293 0.193 0.044 0.094 0.0 0.0 0.0
